[gd_scene load_steps=22 format=3 uid="uid://c6u4tjn3huw6u"]

[ext_resource type="PackedScene" uid="uid://w8cs0vs58e0n" path="res://Meshs/WORLD1/0/piso_piedra.tscn" id="1_88am2"]
[ext_resource type="PackedScene" uid="uid://b0wt0apbhd67o" path="res://Meshs/PORTAL.tscn" id="1_lv72s"]
[ext_resource type="PackedScene" uid="uid://c41ay5hi0q5um" path="res://Meshs/WORLD1/0/portal.tscn" id="1_oxwf0"]
[ext_resource type="PackedScene" uid="uid://chybirptatqwh" path="res://Meshs/WORLD1/0/piso_tortu.tscn" id="1_qkr8m"]
[ext_resource type="PackedScene" uid="uid://cuucmdc8xory7" path="res://Meshs/WORLD1/0/piso_tierra.tscn" id="3_88am2"]
[ext_resource type="PackedScene" uid="uid://c0ar4wbqdb3j3" path="res://Meshs/WORLD1/0/escalon_1.glb" id="3_tbbd2"]
[ext_resource type="PackedScene" uid="uid://cajwvuxnbuuiy" path="res://Meshs/WORLD2/outdoor/glTF/Pillar1.glb" id="4_uas8i"]
[ext_resource type="PackedScene" uid="uid://bs3vtwr42bf4t" path="res://Meshs/WORLD1/0/escalon_2.glb" id="4_xaiik"]
[ext_resource type="PackedScene" uid="uid://dpisw8d3xd3sj" path="res://Meshs/WORLD1/0/piso_portal.glb" id="4_xhy65"]
[ext_resource type="PackedScene" uid="uid://cm7dv3tc8a5co" path="res://Meshs/WORLD2/outdoor/glTF/Gazebo1.glb" id="5_c84w2"]
[ext_resource type="PackedScene" uid="uid://c0xu2m80ysiiq" path="res://Meshs/WORLD1/0/casa_tortu_only.tscn" id="5_qkr8m"]
[ext_resource type="PackedScene" uid="uid://cdpi0yms8cn3v" path="res://Meshs/WORLD2/outdoor/glTF/Bonsai1.glb" id="6_k2vn2"]
[ext_resource type="PackedScene" uid="uid://xr6cipvy2cvn" path="res://Meshs/WORLD2/outdoor/glTF/Rock5.glb" id="13_igah4"]
[ext_resource type="PackedScene" uid="uid://b8v7b0anncggb" path="res://Meshs/WORLD2/outdoor/glTF/WallHedge4.glb" id="14_10ik2"]
[ext_resource type="PackedScene" uid="uid://cdmk02xuu3irp" path="res://Meshs/WORLD2/outdoor/glTF/WallHedge2.glb" id="15_eptnb"]
[ext_resource type="PackedScene" uid="uid://eosa035aphjd" path="res://Meshs/WORLD1/0/garden_lamp_22.tscn" id="16_c84w2"]
[ext_resource type="PackedScene" uid="uid://bgiw7r74jn5fm" path="res://Meshs/WORLD2/outdoor/glTF/FlowerPot6.glb" id="17_10ik2"]
[ext_resource type="PackedScene" uid="uid://cqe38mmucxaoh" path="res://Meshs/WORLD2/outdoor/glTF/FlowerPot4.glb" id="18_eptnb"]
[ext_resource type="PackedScene" uid="uid://c1h4qtm1ey8hr" path="res://Meshs/WORLD2/outdoor/glTF/Chair1.glb" id="19_8wh64"]

[sub_resource type="StandardMaterial3D" id="StandardMaterial3D_oxwf0"]
albedo_color = Color(0.331019, 0.331019, 0.331019, 1)

[sub_resource type="PlaneMesh" id="PlaneMesh_lv72s"]
material = SubResource("StandardMaterial3D_oxwf0")
size = Vector2(2.87, 3.03)

[node name="EXT" type="Node3D"]

[node name="meshs" type="Node3D" parent="."]

[node name="Portal" parent="meshs" instance=ExtResource("1_lv72s")]
transform = Transform3D(1.18, 0, 0, 0, -5.15794e-08, 1.18, 0, -1.18, -5.15794e-08, -1.25766, 0.701661, 26.5835)

[node name="MeshInstance3D" type="MeshInstance3D" parent="meshs/Portal"]
transform = Transform3D(0.605848, 2.59018e-08, -0.592565, -2.59018e-08, 0.847458, 1.05611e-08, 0.592565, 1.05611e-08, 0.605848, 0, -0.0314102, 0.632761)
mesh = SubResource("PlaneMesh_lv72s")
skeleton = NodePath("../../..")

[node name="piso_tierra" parent="meshs" instance=ExtResource("3_88am2")]
transform = Transform3D(8.6474, 0, 5.0222, 0, 8, 0, -5.0222, 0, 8.6474, -0.932098, -4, 23.7813)
script = null

[node name="portal" parent="meshs/piso_tierra" instance=ExtResource("1_oxwf0")]
transform = Transform3D(-0.468627, -1.37077e-09, 0.2673, -1.25612e-09, 0.674375, 1.25612e-09, -0.2673, 3.75003e-10, -0.468627, 0.0148569, 0.637631, -0.096224)

[node name="piso_tortu" parent="meshs" instance=ExtResource("1_qkr8m")]

[node name="piso_piedra" parent="meshs" instance=ExtResource("1_88am2")]
transform = Transform3D(1, 0, 0, 0, 1.24055, 0.544787, 0, -0.189919, 3.55854, -1.12772, -1.0409, 21.0592)

[node name="piso_portal" parent="meshs" instance=ExtResource("4_xhy65")]
transform = Transform3D(1, 0, 0, 0, 1, 0, 0, 0, 1, -0.969123, -1.18607, -4.12963)
visible = false

[node name="casa_tortu_only" parent="meshs" instance=ExtResource("5_qkr8m")]

[node name="escalon_1" parent="meshs" instance=ExtResource("3_tbbd2")]

[node name="escalon_2" parent="meshs" instance=ExtResource("4_xaiik")]

[node name="plataformas" type="Node3D" parent="meshs"]

[node name="piso_tierra" parent="meshs/plataformas" instance=ExtResource("3_88am2")]
transform = Transform3D(0.996019, 0.0883402, 0.011897, -0.0891377, 0.987108, 0.132936, 0, -0.133467, 0.991053, -0.43682, -1.24236, 5.19466)

[node name="piso_tierra2" parent="meshs/plataformas" instance=ExtResource("3_88am2")]
transform = Transform3D(1.28804, 0.860614, -1.14277, -0.643765, 1.72191, 0.571159, 1.27756, 4.24043e-08, 1.43996, -5.33456, -1.44081, 3.60557)

[node name="piso_tierra8" parent="meshs/plataformas" instance=ExtResource("3_88am2")]
transform = Transform3D(0.110148, 0.00544998, 0.622329, 0.0138067, 0.631825, -0.00797679, -0.6222, 0.0149851, 0.109993, 4.59516, -1.7298, 5.99443)

[node name="piso_tierra3" parent="meshs/plataformas" instance=ExtResource("3_88am2")]
transform = Transform3D(-0.608618, 0.0293259, -0.510636, 0.0224659, 0.794459, 0.0188491, 0.510984, 0, -0.609032, -0.074497, -1.24708, 3.31331)

[node name="piso_tierra4" parent="meshs/plataformas" instance=ExtResource("3_88am2")]
transform = Transform3D(1.16265, -0.22852, -0.6905, 0.129612, 2.0499, -0.076976, 0.778636, 0, 1.04387, 1.88254, -1.70122, 7.65698)

[node name="piso_tierra7" parent="meshs/plataformas" instance=ExtResource("3_88am2")]
transform = Transform3D(-1.38933, 0.01338, -1.30515, 0.205856, 1.41026, -0.102379, 1.73464, -0.156645, -1.03319, 4.62609, -1.67349, 8.54266)

[node name="piso_tierra5" parent="meshs/plataformas" instance=ExtResource("3_88am2")]
transform = Transform3D(1.21243, -0.0745531, -0.00409499, 0.0907803, 0.995629, 0.0560918, -0.000127321, -0.0562397, 0.99844, -1.08581, -1.43618, 7.72713)

[node name="piso_tierra6" parent="meshs/plataformas" instance=ExtResource("3_88am2")]
transform = Transform3D(1, 0, 0, 0, 1, 0, 0, 0, 1, -4.66441, -1.24236, 7.65698)

[node name="piso_tierra9" parent="meshs/plataformas" instance=ExtResource("3_88am2")]
transform = Transform3D(1, 0, 0, 0, 1, 0, 0, 0, 1, -0.83848, -1.24236, 9.88499)

[node name="piso_tierra10" parent="meshs/plataformas" instance=ExtResource("3_88am2")]
transform = Transform3D(0.989303, 0, -0.145876, 0, 1, 0, 0.145876, 0, 0.989303, -1.38608, -1.00826, 11.977)

[node name="piso_tierra11" parent="meshs/plataformas" instance=ExtResource("3_88am2")]
transform = Transform3D(0.754755, 0, 0.656006, 0, 1, 0, -0.656006, 0, 0.754755, -0.402716, -1.056, 13.9276)

[node name="piso_tierra12" parent="meshs/plataformas" instance=ExtResource("3_88am2")]
transform = Transform3D(0.754755, 0, 0.656006, 0, 1, 0, -0.656006, 0, 0.754755, -2.18279, -0.8567, 15.4691)

[node name="piso_tierra13" parent="meshs/plataformas" instance=ExtResource("3_88am2")]
transform = Transform3D(0.754755, 0, 0.656006, 0, 1, 0, -0.656006, 0, 0.754755, 0.237025, -1.24472, 15.4691)

[node name="piso_tierra14" parent="meshs/plataformas" instance=ExtResource("3_88am2")]
transform = Transform3D(1, 0, 0, 0, 1, 0, 0, 0, 1, -7.61501, -1.24236, 11.7334)

[node name="piso_tierra15" parent="meshs/plataformas" instance=ExtResource("3_88am2")]
transform = Transform3D(0.989157, 0, -0.14686, 0, 1, 0, 0.14686, 0, 0.989157, 4.08109, -1.51584, 11.7334)

[node name="piso_tierra16" parent="meshs/plataformas" instance=ExtResource("3_88am2")]
transform = Transform3D(0.989157, 0, -0.14686, 0, 1, 0, 0.14686, 0, 0.989157, 1.1379, -1.51584, 11.7334)

[node name="piso_tierra17" parent="meshs/plataformas" instance=ExtResource("3_88am2")]
transform = Transform3D(1.74239, 0, -0.570001, 0, 1.39189, 0, 0.258692, 0, 3.83918, 7.20916, -1.51584, 14.4159)

[node name="props" type="Node3D" parent="meshs"]

[node name="Rock52" parent="meshs/props" instance=ExtResource("13_igah4")]
transform = Transform3D(1, 0, 0, 0, 1, 0, 0, 0, 1, 5.08206, -0.202129, 25.1814)

[node name="Rock53" parent="meshs/props" instance=ExtResource("13_igah4")]
transform = Transform3D(0.761763, 0, -0.272604, 0, 1, 0, 0.181464, 0, 1.14436, 4.90029, -0.242764, 22.3484)

[node name="Rock54" parent="meshs/props" instance=ExtResource("13_igah4")]
transform = Transform3D(1, 0, 0, 0, 1, 0, 0, 0, 1, 1.45083, 0.231912, 25.4208)

[node name="Rock55" parent="meshs/props" instance=ExtResource("13_igah4")]
transform = Transform3D(0.966611, -0.137454, -0.216264, -0.028824, -0.896926, 0.44124, -0.254623, -0.420274, -0.870941, 1.26011, -1.82074, 18.0141)

[node name="WallHedge42" parent="meshs/props" instance=ExtResource("14_10ik2")]
transform = Transform3D(-0.136805, 0, -0.990598, 0, 1, 0, 0.990598, 0, -0.136805, 1.86903, -0.588261, 20.3041)

[node name="WallHedge22" parent="meshs/props" instance=ExtResource("15_eptnb")]
transform = Transform3D(0.407518, 0, -0.913197, 0, 1, 0, 0.913197, 0, 0.407518, -4.80329, 0.230609, 23.7599)

[node name="Rock56" parent="meshs/props" instance=ExtResource("13_igah4")]
transform = Transform3D(0.966611, -0.137454, -0.216264, -0.028824, -0.896926, 0.44124, -0.254623, -0.420274, -0.870941, -3.36013, -1.82074, 19.2463)

[node name="Pillar12" parent="meshs/props" instance=ExtResource("4_uas8i")]
transform = Transform3D(0.722058, 0, -0.419354, 0, 1.044, 0, 0.419354, 0, 0.722058, 0.337219, 0.66422, 26.1317)

[node name="Gazebo12" parent="meshs/props" instance=ExtResource("5_c84w2")]
transform = Transform3D(0.261546, 0, -0.294669, 0, 0.492, 0, 0.294669, 0, 0.261546, -1.33198, 0.679137, 23.5596)

[node name="Bonsai12" parent="meshs/props" instance=ExtResource("6_k2vn2")]
transform = Transform3D(0.0268069, 0, -0.0155688, 0, 0.039, 0, 0.0155688, 0, 0.0268069, 1.50739, -0.609184, 1.24655)

[node name="WallHedge43" parent="meshs/props" instance=ExtResource("14_10ik2")]
transform = Transform3D(-0.136805, 0, -0.990598, 0, 1, 0, 0.990598, 0, -0.136805, -3.72208, -0.588261, 21.3659)

[node name="WallHedge23" parent="meshs/props" instance=ExtResource("15_eptnb")]
transform = Transform3D(0.315892, 0, 1.45588, 0, 1, 0, -1.21508, 0, 0.378495, 2.38758, 0.230609, 23.5192)

[node name="WallHedge44" parent="meshs/props" instance=ExtResource("14_10ik2")]
transform = Transform3D(-0.0110652, 0, -0.999939, 0, 1, 0, 0.999939, 0, -0.0110652, -4.65966, -0.588261, 20.6607)

[node name="WallHedge24" parent="meshs/props" instance=ExtResource("15_eptnb")]
transform = Transform3D(-0.060073, 0, -0.998194, 0, 0.642878, 0, 0.998194, 0, -0.060073, -5.70072, 0.230609, 20.0579)

[node name="GardenLamp23" parent="meshs/props" instance=ExtResource("16_c84w2")]
transform = Transform3D(0.475, 0, 0, 0, 0.475, 0, 0, 0, 0.475, -1.10941, 0.457591, 1.71025)

[node name="Bonsai13" parent="meshs/props" instance=ExtResource("6_k2vn2")]
transform = Transform3D(0.29, 0, 0, 0, 0.29, 0, 0, 0, 0.29, 1.38389, -0.44248, 1.79207)

[node name="Pillar13" parent="meshs/props" instance=ExtResource("4_uas8i")]
transform = Transform3D(0.722058, 0, -0.419354, 0, 1.044, 0, 0.419354, 0, 0.722058, -2.82352, 0.66422, 26.1317)

[node name="FlowerPot62" parent="." instance=ExtResource("17_10ik2")]
transform = Transform3D(0.465, 0, 0, 0, 0.374648, 0, 0, 0, 0.465, 0.978982, -0.551582, 1.33187)

[node name="FlowerPot42" parent="." instance=ExtResource("18_eptnb")]
transform = Transform3D(1, 0, 0, 0, 1, 0, 0, 0, 1, 2.16229, 0.199685, 1.33196)

[node name="Chair12" parent="." instance=ExtResource("19_8wh64")]
transform = Transform3D(0.512132, 0, 0.186401, 0, 0.545, 0, -0.186401, 0, 0.512132, -0.64637, -0.551911, 1.47495)
